Digit Width: 12
Max Prime: 0.000000
Total Primes: 255
----------------------
Grand Master Primes: 2221,2383,2677,2683,2843,2963
Master Primes: 2221,2383,2677,2683,2843,2963
Grand Primes: 2099,2111,2203,2251,2339,2437,2459,2503,2557,2579,2593,2659,2713,2741,2777,2861,3011,3109,3209,3253,3313,3361,3673,3889
Special Primes: 2143,2731
----------------------
Flip Primes: 2087,2131,2137,2213,2267,2297,2347,2351,2377,2447,2467,2521,2531,2687,2753,2797,2837,2887,2927
Grand Flip Primes: 2053,2141,2237,2617,2957,3061
Special Flip Primes: 
----------------------
Invert Primes: 2069,2081,2083,2161,2179,2239,2381,2389,2539,2707,2719,2791,3019,3067,3163,3259,3323,3607,3631,3967
Grand Invert Primes: 2243,2333,2393
Special Invert Primes: 
----------------------
Null Primes: 2063,2089,2129,2153,2207,2269,2287,2309,2357,2371,2399,2423,2441,2477,2543,2549,2591,2609,2621,2647,2657,2693,2699,2749,2803,2819,2833,2851,2903,2909,2917,2969,3001,3037,3041,3049,3169,3203,3271,3319,3329,3359,3407,3463,3499,3529,3533,3541,3547,3617,3637,3709,3739,3769,3779,3823,3917,3919,3929,3943,3947,4019,4051,4073,4093