Digit Width: 13
Max Prime: 0.000000
Total Primes: 464
----------------------
Grand Master Primes: 4127,4229,4409,4547,4871,4877,4919,5101,5231,5431,5527,5711,5807,5839
Master Primes: 4127,4229,4409,4547,4871,4877,4919,5101,5231,5431,5527,5711,5807,5839
Grand Primes: 4099,4133,4139,4157,4231,4253,4297,4357,4423,4493,4519,4643,5021,5107,5323,5413,5521,5653,5779,5801,6133,6173,6337,6521,6581,6689,6841,6949,6977,7001,7177,7873
Special Primes: 
----------------------
Flip Primes: 4177,4219,4337,4339,4421,4597,4639,4649,4729,4759,4789,4799,4831,5051,5059,5081,5167,5179,5381,5417,5569,5651,5717,5861,5867,5927,6011,6067
Grand Flip Primes: 4561,4937,4957,5077,5419,5689,5741
Special Flip Primes: 4889,5113,5189,5557,5869,5981,6211,6827,7607,7759,7919,8191
----------------------
Invert Primes: 4111,4153,4261,4273,4327,4349,4363,4373,4451,4457,4507,4523,4549,4621,4637,4651,4663,4691,4703,4787,4861,4973,4987,5023,5147,5197,5237,5303,5309,5333,5347,5437,5443,5501,5581,5591,5623,5693,6131,6203,6299,6323,6359,6379,6911,7103,7127
Grand Invert Primes: 4517,4567,4733,4813,4903,4933,5923
Special Invert Primes: 
----------------------
Null Primes: 4129,4159,4211,4217,4241,4243,4259,4283,4289,4391,4397,4441,4463,4481,4483,4583,4591,4603,4657,4673,4679,4721,4723,4783,4793,4909,4931,4951,4969,4999,5003,5011,5099,5119,5171,5227,5273,5279,5351,5387,5399,5407,5441,5449,5471,5479,5519,5563,5647,5659,5683,5743,5783,5791,5813,5821,5827,5851,5857,5879,5903,5939,5953,6043,6047,6073,6079,6151,6163,6217,6247,6263,6269,6287,6317,6329,6389,6469,6491,6529,6553,6661,6679,6691,6701,6703,6709,6737,6763,6779,6803,6823,6829,6863,6959,6967,6971,6983,6997,7069,7159,7219,7243,7247,7297,7307,7309,7349,7433,7451,7459,7481,7517,7549,7603,7621,7643,7687,7699,7703,7717,7723,7753,7793,7817,7829,7901,7907,7927,7933,7963,8011,8039,8089,8117,8147,8167,8179