Digit Width: 14
Max Prime: 0.000000
Total Primes: 872
----------------------
Grand Master Primes: 8663,8837,8893,9133,9277,9349,9403,9439,9859,10039,10333,10613,10979,11483,11923,12007
Master Primes: 8663,8837,8893,9133,9277,9349,9403,9439,9859,10039,10333,10613,10979,11483,11923,12007
Grand Primes: 8263,8291,8369,8419,8423,8443,8467,8599,8623,8627,8737,8887,8963,9011,9029,9067,9127,9221,9239,9461,9587,9623,9643,9649,9833,9851,9901,9931,10061,10181,10211,10499,10529,10601,10651,10753,10859,10861,11069,11083,11161,11257,11411,11443,11489,11491,11621,12241,12289,12301,12329,12409,12437,12601,12613,12781,12917,12941,12973,13001,13009,13249,13381,13553,13721,13921,14401,14657,15017,15121,15241,15329,15361,15761,16193
Special Primes: 8543,9103,10427,11939,12163
----------------------
Flip Primes: 8237,8387,8669,8753,8933,8969,9007,9049,9137,9227,9257,9437,9619,9629,9679,9689,9733,9817,9829,9907,10169,10253,10273,10369,10399,10567,10847,10867,10889,11159,11177,11317,11527,11617,11657,11677,11863,11987,12049,12097,12143,12197
Grand Flip Primes: 8243,8689,8699,8839,8849,8929,9109,9749,9923,9949,10139,10853,10957,11113,11593,11813,11833,12253
Special Flip Primes: 
----------------------
Invert Primes: 8231,8233,8287,8297,8317,8329,8363,8431,8563,8581,8647,8731,8741,8831,8923,8951,9001,9013,9059,9091,9173,9419,9433,9467,9491,9497,9511,9613,9677,9811,10069,10079,10099,10103,10141,10151,10247,10267,10429,10463,10477,10589,10639,10667,10687,10691,10711,10771,10891,10987,11003,11027,11087,11117,11197,11261,11311,11549,11731,11807,12011,12227,12343,12347,12391,12451,12511,12659,12703,12791,12823,13003,13043,13063,13103,13159,13591,13679,13691,13879,13883,13967,14423,14431,14543,14783,15263
Grand Invert Primes: 8221,8269,8311,8521,8681,8719,8807,9533,9539,9739,9883,10163,10301,10453,11059,11437
Special Invert Primes: 
----------------------
Null Primes: 8209,8219,8273,8293,8377,8429,8447,8461,8501,8527,8537,8539,8573,8597,8609,8629,8641,8677,8693,8707,8713,8747,8761,8783,8819,8821,8861,8867,8941,8971,8999,9041,9043,9151,9157,9161,9181,9187,9209,9241,9283,9293,9311,9319,9323,9337,9341,9371,9397,9413,9421,9431,9463,9479,9547,9551,9661,9721,9743,9767,9781,9787,9803,9857,9887,9941,9967,9973,10007,10009,10037,10067,10091,10093,10133,10177,10193,10223,10243,10259,10289,10331,10357,10391,10457,10459,10487,10501,10531,10559,10597,10607,10627,10657,10709,10723,10729,10733,10739,10781,10789,10799,10837,10909,10939,10973,11071,11093,11131,11149,11171,11213,11243,11251,11273,11287,11299,11321,11329,11353,11383,11447,11503,11551,11579,11587,11681,11689,11719,11779,11789,11801,11831,11867,11927,11933,11953,11959,11969,11971,11981,12043,12107,12109,12157,12211,12263,12269,12281,12421,12473,12487,12497,12553,12577,12619,12641,12647,12671,12697,12739,12809,12889,12911,12923,13007,13033,13121,13147,13151,13163,13171,13187,13291,13313,13327,13331,13339,13411,13441,13451,13469,13477,13487,13499,13537,13567,13577,13613,13649,13681,13697,13751,13759,13763,13807,13831,13859,13873,13877,13901,13903,13933,13997,13999,14011,14057,14071,14081,14221,14249,14321,14369,14389,14411,14419,14447,14449,14479,14489,14503,14519,14533,14549,14551,14591,14621,14629,14639,14683,14699,14753,14767,14779,14797,14821,14831,14851,14869,14929,14969,15013,15031,15053,15061,15083,15091,15193,15217,15259,15269,15271,15277,15287,15307,15359,15383,15401,15427,15493,15497,15581,15583,15601,15641,15649,15671,15679,15731,15733,15749,15767,15803,15859,15889,15937,15959,16061,16087,16097,16103,16127,16139,16183,16253,16267,16301,16319,16349,16361