Digit Width: 15
Max Prime: 0.000000
Total Primes: 1612
----------------------
Grand Master Primes: 16729,16741,16811,16979,17093,17189,17489,17971,18013,18089,18133,18371,18749,18859,19231,19429,19483,19571,19583,19709,19819,19979,20021,20051,20399,20509,21211,22271,22291,22651,22963,23039,23311,23743,23831,23899,24371,24419
Master Primes: 16729,16741,16811,16979,17093,17189,17489,17971,18013,18089,18133,18371,18749,18859,19231,19429,19483,19571,19583,19709,19819,19979,20021,20051,20399,20509,21211,22271,22291,22651,22963,23039,23311,23743,23831,23899,24371,24419
Grand Primes: 16411,16477,16879,17021,17099,17117,17299,17321,17417,17497,17597,17669,17713,17807,17837,17891,17923,17957,18041,18077,18341,18539,18541,18731,18913,18979,19037,19219,19259,19379,19381,19403,19417,19421,19531,19559,19603,19681,19853,19861,19949,20107,20123,20149,20161,20323,20341,20563,20789,20857,21013,21019,21163,21221,21737,22003,22153,22189,22229,22787,23057,23173,23293,23321,23357,23753,23801,23893,23917,23957,24061,24281,24373,24413,24421,24517,24593,24677,24749,25033,25349,25601,25633,25969,26357,26489,26713,26821,26921,26953,27017,27109,27449,27689,28081,29033,29297,29873,31873
Special Primes: 
----------------------
Flip Primes: 16519,16573,16619,16649,16829,16901,16963,16993,17123,17359,17383,17431,17509,17683,17761,17903,18061,18211,18301,18311,18313,18439,18503,18521,18839,18899,18911,19013,19081,19141,19163,19289,19391,19469,19553,19699,19751,19763,19813,19841,19973,20023,20129,20143,20533,20639,20719,20749,20873,21001,21169,21191,21269,21379,21401,21601,21613,21911,21961,22091,22093,22109,22259,22273,22441,22483,22639,22859,23041,23131,23209,23473,23549,23563,23689,23741,23761,23981,24181,24229
Grand Flip Primes: 16673,17011,17053,17293,17401,17551,17609,17881,17959,18119,18169,18379,18661,19139,19301,19333,19541,19753,20089,20173,20219,20393,20483,20521,20549,21121,21419,21521,21611,21673,21881,22193,22369,22453,22721,23011,23201,23459,23629,23813,24481
Special Flip Primes: 17377,18097,18289,19433,19609,19801,21157,22541,22669,22861,23581,24029,25747,25939,27179,27803,28123,28219,28807,29671,30391,31183,31727
----------------------
Invert Primes: 16447,16493,16553,16561,16631,16633,16691,16747,16759,16787,16871,16883,16931,17029,17107,17167,17351,17387,17393,17477,17599,17623,17657,17749,17863,17909,17981,18047,18059,18127,18229,18329,18367,18397,18413,18427,18443,18451,18461,18553,18637,18719,18757,18797,18919,18973,19157,19183,19211,19423,19427,19447,19463,19477,19577,19661,19727,19739,19759,19927,19991,19997,20063,20147,20183,20287,20333,20347,20543,20599,20627,20663,20731,20747,20773,20939,20963,20983,21031,21283,21383,21391,21407,21491,21493,21517,21557,21563,21647,21683,21799,22013,22157,22279,22367,22447,22619,22679,22691,22699,22739,22783,22871,22907,23003,23027,23063,23087,23159,23203,23251,23431,23663,23671,23747,23767,23819,23879,23887,23971,24107,24203,24251,24317,24631,24691,24851,24907,24967,25087,25247,25471,25759,25771,25999,26107,26119,26171,26267,26423,26459,26839,26863,26927,27103,27239,27743,27823,28087,28351,28607,28687,28927,29167,30431
Grand Invert Primes: 16703,16921,17041,17203,17291,17419,17491,18251,18583,18793,19387,19843,20411,20507,20693,20947,20981,21323,21341,21523,21757,21773,21997,22349,22573
Special Invert Primes: 
----------------------
Null Primes: 16417,16421,16427,16451,16453,16481,16487,16529,16547,16567,16603,16607,16651,16657,16693,16699,16763,16823,16889,16903,16927,16937,16943,16981,16987,17027,17047,17077,17137,17159,17183,17191,17207,17209,17231,17239,17257,17317,17327,17333,17341,17389,17443,17449,17467,17483,17519,17539,17573,17581,17627,17659,17707,17729,17737,17747,17783,17789,17791,17827,17839,17851,17911,17939,17977,17987,17989,18043,18121,18131,18143,18149,18191,18199,18217,18233,18253,18257,18269,18307,18353,18433,18457,18493,18517,18523,18587,18617,18671,18679,18691,18701,18713,18743,18773,18787,18803,18869,18917,18947,18959,19001,19009,19031,19051,19069,19079,19087,19181,19207,19213,19237,19249,19267,19309,19373,19441,19457,19471,19501,19507,19543,19597,19717,19793,19867,19889,19891,19913,19937,19963,19993,20011,20071,20101,20113,20117,20177,20201,20261,20269,20297,20327,20357,20389,20407,20431,20443,20477,20479,20681,20707,20717,20771,20807,20849,20879,20899,20903,20921,20929,20959,21011,21017,21023,21059,21067,21107,21139,21143,21149,21179,21187,21193,21227,21247,21277,21317,21347,21377,21397,21433,21487,21559,21577,21587,21589,21599,21617,21649,21661,21701,21713,21727,21767,21803,21817,21821,21839,21859,21863,21977,21991,22027,22051,22063,22067,22123,22133,22147,22277,22283,22307,22381,22391,22397,22409,22433,22531,22543,22567,22621,22637,22643,22697,22717,22727,22741,22769,22777,22811,22817,22853,22877,22961,22973,22993,23017,23021,23029,23059,23071,23081,23117,23143,23167,23189,23197,23227,23269,23339,23371,23497,23539,23567,23623,23627,23633,23669,23677,23719,23773,23789,23833,23869,23873,23911,23929,23977,23993,24001,24007,24019,24043,24071,24077,24083,24091,24097,24103,24109,24133,24169,24179,24197,24223,24239,24247,24329,24337,24379,24391,24407,24439,24547,24551,24623,24697,24763,24767,24809,24821,24841,24847,24859,24877,24889,24917,24919,24953,24977,25013,25037,25057,25097,25117,25127,25147,25153,25163,25169,25237,25301,25307,25357,25367,25373,25447,25453,25457,25537,25561,25579,25583,25657,25673,25703,25741,25799,25801,25849,25867,25919,25933,26003,26041,26083,26153,26203,26227,26249,26263,26309,26321,26347,26387,26417,26437,26449,26479,26497,26557,26591,26627,26647,26687,26723,26731,26737,26777,26833,26987,27031,27091,27107,27127,27143,27253,27361,27397,27407,27409,27437,27487,27509,27527,27529,27581,27647,27691,27697,27749,27763,27791,27793,27809,27817,27847,27851,27893,27943,27947,27953,27967,28001,28027,28057,28097,28099,28183,28201,28229,28283,28289,28297,28307,28309,28319,28387,28447,28463,28477,28517,28547,28571,28597,28621,28649,28661,28663,28729,28817,28837,28949,28961,29017,29027,29059,29147,29201,29209,29243,29287,29303,29327,29347,29363,29383,29387,29411,29437,29473,29501,29527,29531,29537,29567,29573,29629,29717,29759,29867,29917,29927,29947,30047,30089,30103,30113,30161,30187,30197,30223,30259,30271,30347,30367,30449,30467,30497,30553,30557,30577,30637,30643,30677,30689,30707,30757,30763,30803,30853,30859,30871,30881,30911,30977,31039,31079,31121,31123,31147,31159,31177,31189,31219,31237,31247,31253,31259,31267,31319,31327,31333,31337,31357,31379,31393,31397,31489,31511,31513,31531,31541,31547,31567,31607,31649,31667,31729,31771,31957,31981,31991,32009,32051,32063,32069,32077,32089,32143,32213,32297,32299,32303,32353,32359,32363,32369,32381,32429,32441,32467,32531,32563,32569,32573,32587,32621,32687,32713