Digit Width: 16
Max Prime: 0.000000
Total Primes: 3030
----------------------
Grand Master Primes: 32783,33203,33353,33377,33403,33413,33427,33487,33637,33641,34147,34613,35107,35993,36313,36761,36793,36947,36973,37277,37493,37547,37657,37907,38011,38053,38197,38747,38851,39227,39341,39541,39827,39863,40093,40151,40973,41227,41263,41411,41603,41771,41911,41927,42407,42467,42571,43133,43283,43427,43783,44027,44203,44221,44381,44647,44687,44927,45403,46727,47111,47431,47581,48271
Master Primes: 32783,33203,33353,33377,33403,33413,33427,33487,33637,33641,34147,34613,35107,35993,36313,36761,36793,36947,36973,37277,37493,37547,37657,37907,38011,38053,38197,38747,38851,39227,39341,39541,39827,39863,40093,40151,40973,41227,41263,41411,41603,41771,41911,41927,42407,42467,42571,43133,43283,43427,43783,44027,44203,44221,44381,44647,44687,44927,45403,46727,47111,47431,47581,48271
Grand Primes: 32797,32843,32869,32957,32987,32993,33013,33023,33053,33151,33191,33223,33349,33461,33479,33569,33577,33599,33613,33619,33937,34039,34061,34123,34127,34157,34183,34217,34261,34313,34319,34361,34381,34549,34591,34739,34781,34871,34877,35053,35069,35111,35267,35279,35437,35537,35591,35593,35731,35753,35851,35869,35983,36061,36083,36107,36131,36217,36229,36263,36341,36353,36389,36457,36493,36713,36877,36899,36919,37019,37159,37217,37309,37409,37463,37489,37517,37993,38113,38231,38261,38273,38321,38453,38459,38873,39157,39233,39719,39883,39929,40493,40499,40507,40583,40597,40819,40849,40867,41189,41203,41269,41357,41539,41549,41579,41659,41947,41981,42019,42131,42193,42221,42331,42451,42509,42853,42859,42899,42929,43117,43691,43777,43781,43961,44101,44189,44273,44497,44501,44533,44683,45121,45317,45329,45361,45413,45427,45533,45541,45589,45697,45757,45827,45949,45971,46099,46181,46381,46499,46573,46681,46769,46819,46853,46933,47057,47093,47137,47221,47237,47317,47389,47441,47459,47513,47569,47779,47857,48049,48221,48337,48533,48589,48761,48821,49193,49333,49549,49597,49853,50221,50333,50377,50549,50821,51341,51361,51749,51913,51941,52153,52237,52249,52321,52453,52489,52501,52709,52817,52889,53017,53077,53189,53201,53633,53881,54409,55061,55109,55529,55921,56101,56489,56921,57593,57793,58057,58169,58369,59273,59369,59753,60497,60617,61681,62129,62801,63841
Special Primes: 46867
----------------------
Flip Primes: 32933,33037,33091,33181,33301,33493,33703,33713,33851,33923,33931,34033,34267,34297,34327,34403,34543,34607,34687,34693,34763,34841,34913,35023,35027,35201,35323,35401,35407,35543,35573,35603,35671,35677,35803,35831,35977,36097,36251,36293,36433,36467,36523,36637,36653,36721,36833,36923,37013,37021,37273,37483,37511,37567,37643,37693,37783,37811,37847,37967,37987,38287,38333,38611,38653,38677,38833,38861,38917,38953,39023,39097,39107,39163,39181,39191,39293,39703,39761,39901,39983,40087,40193,40231,40237,40277,40357,40387,40423,40577,40591,40637,40801,40847,41081,41113,41131,41161,41231,41257,41491,41521,41761,41851,41887,41903,42181,42223,42307,42403,42433,42461,42487,42793,42923,42961,42967,43013,43321,43397,43517,43577,43591,43801,43891,43933,43943,44087,44171,44267,44491,44587,44623,44777,44797,44851,44867,44893,45191,45337,45491,45497,45557,45631,45673,45677,45751,45763,46051,46183,46237,46327,46451,46477,46507,46591,46817,46877,46997,47017,47087,47147,47381,47527,47653,47657,47807,47843,47881,47963,48017,48157,48193,48383,48473,48481,48563,48593,48677,48757,48767,48781,49043,49103
Grand Flip Primes: 32911,33521,33587,33871,34213,34501,34511,34703,35317,35531,35617,35771,35797,35837,36007,36343,36587,36677,36691,36887,36901,37253,37361,38201,38557,38561,38693,38723,38737,38791,38971,39251,39313,39367,39397,39877,39937,40153,40531,41017,41341,41413,41593,41641,42641,42643,42701,43177,43201,43331,43787,44053,44417,44753,45341,45613,45737,46141,46691,46723,47353,47713,49081
Special Flip Primes: 
----------------------
Invert Primes: 32803,32941,32969,32983,33073,33179,33289,33331,33343,33359,33469,33547,33581,33617,33629,33749,33797,33809,33829,33889,33911,33967,34171,34273,34301,34367,34421,34439,34583,34603,34667,34679,34757,34759,34807,34819,34843,34919,34949,34961,34981,35051,35171,35227,35281,35291,35311,35353,35419,35423,35449,35507,35759,35863,35899,36011,36067,36109,36209,36469,36563,36599,36643,36683,36709,36749,36787,36791,36847,37061,37189,37307,37363,37369,37607,37663,37747,37831,37957,37997,38167,38183,38299,38303,38603,38639,38651,38669,38671,38707,38711,38713,38783,38821,39103,39119,39139,39343,39359,39419,39461,39499,39509,39607,39733,39829,39989,40123,40189,40343,40351,40519,40559,40763,40829,40879,41077,41467,41479,41719,41813,41893,42139,42179,42349,42499,42611,42667,42677,42751,42773,42797,42839,42943,43019,43051,43093,43159,43271,43391,43613,43627,43711,43759,43987,43991,44021,44029,44119,44269,44351,44483,44771,44789,44839,44887,44971,44983,44987,45247,45293,45343,45691,45767,45823,45853,45863,46187,46219,46307,46447,46589,46679,46687,46751,47119,47123,47207,47419,47599,47741,47869,47903,48463,48479,48487,48523,48611,48619,48731,48779,48883,49031,49123,49171,49279,49363,49451,49559,49603,49727,50227,50363,50551,50599,50683,50867,51047,51479,51539,51599,51659,51679,51719,51899,52027,52267,52511,52571,52727,52999,53047,53279,53419,53759,53783,53927,54151,54311,54559,54623,54631,54647,54779,54799,54959,55079,55259,55439,55799,56239,56519,56671,56983,57271,57367,57487,57527,57559,57839,58031,58687,59167,59407,60343,60527,60703,61007,61519,62191,62383,62591,63487
Grand Invert Primes: 32831,33049,33457,33773,33961,34141,34211,34283,34469,34519,34963,35099,35141,35491,35527,35879,36037,36299,36541,37171,37507,37529,37573,37717,37853,37991,38329,38867,39043,39229,40163,40253,41051,41627,41941,42283,42443,42589,43403,44131,44371,45821,46301,46829,47293
Special Invert Primes: 
----------------------
Null Primes: 32771,32779,32789,32801,32833,32839,32887,32909,32917,32939,32971,32999,33029,33071,33083,33107,33113,33119,33149,33161,33199,33211,33247,33287,33311,33317,33329,33347,33391,33409,33503,33529,33533,33563,33589,33601,33623,33647,33679,33721,33739,33757,33767,33769,33811,33827,33857,33863,33893,33941,33997,34019,34031,34057,34129,34159,34231,34253,34259,34303,34351,34429,34457,34471,34483,34487,34499,34513,34537,34589,34631,34649,34651,34673,34729,34747,34847,34897,34939,35059,35081,35083,35117,35129,35149,35153,35159,35221,35251,35257,35327,35339,35363,35381,35393,35447,35461,35509,35533,35569,35597,35747,35801,35809,35839,35897,35911,35923,35933,35963,36013,36017,36073,36137,36151,36187,36241,36269,36277,36307,36373,36451,36473,36479,36497,36527,36551,36571,36583,36629,36671,36697,36739,36779,36781,36809,36857,36871,36913,36931,36979,36997,37003,37039,37049,37057,37097,37117,37123,37139,37181,37199,37201,37223,37243,37313,37321,37337,37339,37357,37379,37397,37423,37447,37501,37537,37549,37561,37579,37589,37591,37619,37649,37691,37699,37781,37799,37813,37889,37897,37963,38039,38069,38083,38119,38149,38153,38189,38219,38237,38239,38281,38317,38351,38371,38377,38393,38431,38447,38449,38461,38501,38543,38567,38569,38609,38629,38699,38729,38749,38767,38803,38839,38891,38921,38923,38933,38959,38977,39019,39047,39079,39089,39133,39161,39199,39209,39239,39301,39317,39323,39371,39373,39439,39443,39451,39511,39521,39569,39581,39619,39623,39659,39667,39671,39679,39709,39727,39749,39769,39779,39821,39839,39841,39847,39869,39953,39971,39979,40009,40013,40031,40037,40099,40129,40177,40213,40241,40283,40289,40427,40429,40459,40483,40487,40609,40627,40639,40693,40697,40699,40709,40739,40759,40771,40787,40813,40823,40853,40883,40897,40903,40927,40933,40939,40949,40961,41011,41023,41039,41047,41057,41117,41143,41149,41177,41179,41183,41201,41213,41221,41243,41299,41333,41351,41387,41389,41399,41443,41453,41507,41543,41597,41611,41621,41647,41651,41669,41681,41687,41729,41759,41809,41843,41849,41897,41957,41969,41983,41999,42013,42023,42061,42071,42083,42089,42101,42157,42169,42187,42197,42209,42227,42293,42299,42323,42359,42379,42391,42397,42409,42457,42463,42533,42557,42569,42577,42649,42697,42703,42709,42719,42727,42767,42787,42821,42829,42841,42901,42937,42979,42989,43003,43037,43049,43063,43067,43189,43207,43223,43261,43313,43319,43399,43411,43441,43457,43487,43499,43543,43573,43579,43597,43607,43633,43649,43651,43661,43669,43753,43789,43793,43853,43889,43913,43951,43963,43997,44041,44059,44129,44159,44179,44263,44279,44281,44357,44449,44453,44507,44519,44537,44563,44579,44621,44699,44701,44729,44741,44773,44809,44819,44909,44939,44953,44959,44963,45053,45077,45083,45119,45127,45137,45139,45161,45179,45181,45197,45259,45281,45377,45389,45433,45439,45481,45503,45523,45569,45587,45641,45659,45667,45707,45779,45817,45833,45841,45869,45893,45953,45979,45989,46021,46027,46049,46061,46073,46091,46093,46133,46147,46153,46199,46229,46261,46271,46279,46349,46441,46457,46511,46523,46549,46559,46567,46649,46663,46703,46771,46807,46889,46919,46993,47051,47129,47143,47149,47161,47189,47269,47279,47287,47297,47339,47351,47363,47387,47407,47491,47501,47521,47533,47543,47591,47609,47629,47639,47659,47681,47737,47743,47819,47837,47911,47933,47939,47947,47969,47977,47981,48023,48079,48109,48121,48131,48163,48179,48187,48197,48247,48259,48299,48341,48353,48371,48397,48409,48527,48539,48541,48647,48649,48673,48679,48751,48799,48809,48817,48847,48857,48859,48869,48907,48991,49003,49009,49019,49033,49037,49117,49121,49139,49157,49177,49207,49277,49297,49307,49339,49367,49369,49393,49409,49411,49417,49429,49463,49499,49529,49613,49633,49639,49663,49667,49669,49697,49739,49747,49757,49787,49801,49811,49871,49877,49927,49937,49939,49943,49999,50021,50047,50069,50077,50087,50093,50119,50123,50129,50261,50263,50273,50311,50329,50359,50411,50441,50459,50503,50539,50543,50671,50707,50753,50767,50773,50789,50857,50893,50929,50957,50971,51031,51131,51137,51169,51239,51257,51329,51343,51383,51407,51413,51421,51431,51449,51461,51481,51503,51511,51517,51563,51593,51607,51637,51647,51683,51767,51769,51787,51803,51817,51829,51839,51869,51871,51907,51929,51949,51973,51991,52009,52021,52057,52069,52127,52177,52183,52223,52301,52313,52363,52369,52387,52391,52433,52517,52529,52583,52697,52711,52733,52757,52769,52783,52883,52903,52951,52957,52981,53003,53051,53069,53089,53093,53101,53149,53161,53171,53231,53233,53281,53299,53309,53353,53401,53569,53609,53611,53623,53639,53699,53719,53777,53791,53819,53831,53857,53897,53899,53917,53939,53959,53987,53993,54049,54059,54091,54269,54377,54401,54419,54421,54443,54449,54493,54563,54617,54667,54673,54679,54709,54721,54751,54767,54833,54881,54917,54941,54949,54979,55001,55049,55051,55073,55147,55163,55207,55213,55217,55249,55331,55333,55339,55457,55487,55541,55609,55619,55631,55633,55639,55673,55691,55711,55717,55787,55793,55819,55823,55829,55849,55927,56003,56009,56039,56053,56093,56099,56113,56131,56149,56167,56171,56179,56197,56249,56263,56267,56269,56383,56431,56437,56467,56501,56509,56599,56629,56681,56731,56737,56747,56773,56807,56809,56827,56843,56857,56929,56941,56957,56999,57037,57089,57097,57119,57139,57149,57179,57269,57283,57329,57347,57349,57389,57397,57467,57529,57601,57637,57641,57649,57653,57689,57719,57737,57751,57791,57809,57829,57847,57923,57973,57991,58043,58049,58061,58099,58109,58129,58147,58207,58229,58231,58237,58243,58379,58393,58439,58451,58453,58481,58511,58549,58579,58631,58657,58661,58679,58693,58711,58727,58733,58831,58889,58901,58913,58943,58967,59009,59023,59029,59083,59093,59119,59159,59183,59219,59221,59233,59239,59243,59357,59359,59377,59393,59419,59447,59473,59497,59509,59629,59659,59671,59699,59707,59723,59729,59797,59809,59879,59887,59921,59929,59981,60029,60037,60041,60077,60089,60169,60209,60259,60271,60289,60331,60383,60427,60449,60509,60539,60607,60623,60631,60689,60719,60727,60763,60773,60779,60859,60899,60901,60919,60937,61001,61043,61057,61121,61129,61151,61169,61211,61223,61333,61379,61487,61493,61507,61553,61561,61609,61637,61657,61687,61729,61751,61819,61909,61927,61933,61949,61981,62003,62047,62057,62081,62119,62131,62137,62171,62189,62201,62213,62219,62299,62303,62347,62351,62401,62417,62423,62459,62497,62549,62581,62617,62653,62723,62851,62869,62971,62989,63029,63059,63067,63073,63113,63127,63179,63211,63241,63247,63299,63313,63331,63353,63361,63397,63409,63419,63439,63443,63467,63493,63521,63527,63533,63559,63577,63587,63589,63599,63607,63647,63649,63727,63737,63773,63781,63799,63809,63823,63839,63857,63997,64013,64019,64033,64063,64067,64123,64153,64217,64223,64231,64279,64283,64301,64327,64333,64399,64451,64489,64499,64567,64613,64621,64627,64661,64709,64763,64849,64879,64919,64937,64969,65029,65033,65053,65063,65089,65119,65129,65147,65167,65171,65179,65183,65239,65287,65293,65309,65327,65353,65407,65413,65437,65447,65449