Digit Width: 17
Max Prime: 0.000000
Total Primes: 5709
----------------------
Grand Master Primes: 66509,66721,66851,67547,67751,68687,69127,69557,70457,70891,70901,70969,71387,72307,72871,72931,73061,73369,73637,74047,74131,74441,75731,75869,76207,76541,76781,76907,76991,77317,77477,78137,78571,79399,79811,79861,79867,81349,81359,81667,82007,82189,82237,82799,82847,82891,83399,83597,83987,84787,85639,85661,85999,86011,86269,86357,86371,86711,86767,87011,87211,87221,87251,87511,88499,88547,89261,89519,89821,90989,92639,92767,93151,94109,94447,94651,94811,94819,95071,95231,96059,97499,97711,97967
Master Primes: 66509,66721,66851,67547,67751,68687,69127,69557,70457,70891,70901,70969,71387,72307,72871,72931,73061,73369,73637,74047,74131,74441,75731,75869,76207,76541,76781,76907,76991,77317,77477,78137,78571,79399,79811,79861,79867,81349,81359,81667,82007,82189,82237,82799,82847,82891,83399,83597,83987,84787,85639,85661,85999,86011,86269,86357,86371,86711,86767,87011,87211,87221,87251,87511,88499,88547,89261,89519,89821,90989,92639,92767,93151,94109,94447,94651,94811,94819,95071,95231,96059,97499,97711,97967
Grand Primes: 65551,65677,65761,65809,65881,65899,66037,66067,66359,66361,66373,66403,66593,66601,66739,66841,66863,66883,66923,67033,67043,67103,67217,67219,67271,67273,67369,67499,67537,67601,67619,67631,67723,67757,68389,68399,68477,68501,68633,68777,68947,69061,69191,69193,69203,69371,69383,69457,69499,69821,69833,69899,70003,70051,70099,70141,70163,70177,70223,70229,70429,70537,70999,71143,71249,71293,71333,71419,71437,71537,71597,71719,71777,71867,71899,71963,72167,72173,72227,72251,72277,72341,72421,72481,72577,72937,73063,73079,73133,73361,73547,73673,73783,74077,74149,74197,74257,74449,74729,74747,74843,74891,74903,74929,74941,75269,75289,75431,75571,75629,75683,75913,75997,76129,76261,76387,76423,76519,77003,77081,77093,77101,77137,77213,77489,77549,77573,77587,77659,77689,77699,77773,77863,77929,77933,77977,78041,78121,78233,78259,78307,78539,78713,78779,78941,79139,79147,79259,79283,79411,79549,79559,79579,79693,79801,79907,80021,80051,80309,80681,80683,80963,81001,81157,81181,81293,81533,81649,81737,82003,82021,82051,82163,82219,82267,82361,82421,82469,82529,82793,82813,82981,83117,83177,83257,83273,83401,83417,83561,83563,83857,83933,84131,84137,84377,84421,84533,84691,84701,84947,84979,85037,85081,85133,85201,85229,85237,85333,85427,85513,85523,85643,85717,85843,85933,86113,86161,86179,86197,86389,86461,86477,86627,86629,87037,87253,87257,87281,87293,87433,87481,87517,87553,87587,87683,87853,87973,88019,88241,88301,88969,89041,89203,89273,89491,89597,89611,89657,89897,89977,90001,90353,90469,90787,90833,90997,91139,91237,91573,91733,91811,92173,92243,92353,92557,92581,92693,92861,93053,93169,93337,93493,93497,93637,93701,93809,93901,93923,94009,94153,94229,94441,94513,94597,94693,94777,95089,95257,95549,95561,95617,95713,95881,96013,96157,96233,96601,96857,96893,97021,97117,97157,97381,97453,97849,98297,98377,98869,98893,98981,99013,99173,99257,99317,99401,99577,99793,99817,100057,100069,100193,100213,100237,100333,100537,100769,100981,101161,101333,101741,102121,102329,102409,102481,102533,102593,102701,102761,103553,103577,103813,103889,104053,104089,104161,104309,104537,104561,104677,104693,104717,104773,105173,105557,105673,105817,105913,106181,106321,106357,106433,106453,107441,107641,107713,107857,107873,108089,108293,108497,108961,109169,109321,110129,110501,111049,111269,111301,113089,113161,113489,113657,113921,114281,114833,115361,115553,116177,116593,116681,116929,117041,117529,117889,118057,118273,118633,119921,120017,120689,120817,121169,122033,122753,123121,124097,126241
Special Primes: 
----------------------
Flip Primes: 65599,65651,65839,65927,66029,66161,66169,66301,66587,66889,66977,67139,67189,67247,67261,67411,67481,67489,67511,67559,67607,67777,67789,67891,67931,67939,67979,68147,68171,68209,68219,68261,68281,68351,68371,68749,68771,68881,68891,68897,68899,69001,69011,69029,69389,69401,69827,69847,69857,69997,70061,70067,70117,70121,70249,70271,70379,70381,70501,70607,70687,70877,70921,70957,71011,71069,71167,71237,71339,71347,71389,71411,71699,71711,71761,71789,71809,71849,71887,71909,72031,72161,72269,72271,72461,72469,72889,73181,73189,73379,73417,73679,73721,73819,73847,73999,74051,74099,74159,74209,74287,74357,74567,74587,74597,74611,74687,74699,74719,74887,74897,75017,75029,75161,75169,75337,75437,75541,75611,75679,75689,75709,75797,75931,75937,75967,75989,76031,76039,76259,76289,76441,76487,76597,76679,76777,76837,76871,76919,76949,77017,77417,77479,77569,77681,77899,78059,78079,78311,78437,78439,78649,78697,78857,78877,78887,78989,79031,79111,79181,79357,79481,79627,79889,79901,80071,80077,80147,80279,80407,80449,80621,80777,80831,81019,81307,81371,81509,81547,81551,81761,81799,81929,81937,81967,82031,82037,82129,82141,82231,82279,82349,82387,82531,82567,82619,82699,82811,83267,83431,83449,83459,83477,83497,83557,83591,83777,84127,84179,84211,84247,84317,84319,84589,84631,84649,84659,84751,84761,84809,84827,84857,84967,85009,85027,85121,85487,85517,85577,85669,85831,86027,86117,86131,86171,86249,86287,86689,86857,87071,87277,87407,87641,87701,87721,87869,87881,87931,87959,88037,88079,88169,88261,88321,88397,88609,88657,88741,88817,89101,89231,89269,89329,89381,89659,89849,89909,89989,90067,90191,90197,90217,90289,90631,90641,90679,90841,90847,90917,91099,91141,91229,91249,91331,91369,91381,91397,91571,91691,91757,91781,91807,91957,92227,92369,92401,92459,92489,92627,92641,92821,92921,92927,92951,92957,93059,93187,93199,93371,93529,93559,93607,93811,93941,93997,94057,94111,94291,94349,94427,94531,94687,94837,95009,95027,95261,95267,95327,95401,95467,95527,95651,95959,96097,96149,96329,96401,96419,96479,96737,96749,96769,96799,96821,96847,96997,97231,97367,97459,97771,97871,97879,97919,97987,98011,98047,98101,98129,98221
Grand Flip Primes: 65921,65951,66239,66271,66529,67079,67169,67399,67421,67987,68059,68087,68099,68141,68449,68489,68611,68917,69067,69317,69337,70297,70481,70571,70667,70709,70949,70981,70991,71081,71209,71837,72901,72907,73091,73607,73651,73867,73907,74219,74509,74821,75037,75239,75527,76001,76561,77521,77641,78179,78691,78797,78929,79301,79349,79367,79537,79817,80221,80627,80629,80677,80747,80749,80929,81281,81457,81611,81749,82339,83437,83641,83921,84401,85381,86539,87041,87691,88681,88771,88861,88867,89009,89939,90121,90499,91081,91577,92297,92377,93251,93601,94049,94307,94529,94621,94889,95107,95189,95701,96017,96457,97001,97241
Special Flip Primes: 70289,71633,75721,77801,77849,79193,81017,83269,83653,85093,85733,86293,86677,88117,96221,97213,98563,98947,100291,108587,112603,114043,115783,116423,117671,119447,123983,125231,126703,128351
----------------------
Invert Primes: 65557,65617,65629,65657,65687,65701,65729,65827,65831,65867,65963,65983,65993,66047,66071,66137,66221,66457,66463,66533,66629,66713,66733,66797,66821,66919,66947,67141,67153,67211,67307,67453,67567,67589,67679,67733,67783,67801,67829,67867,68023,68041,68239,68483,68543,68567,68669,68819,69149,69163,69431,69467,69491,69593,69623,69677,69691,69709,69779,69991,70019,70039,70183,70199,70207,70321,70393,70451,70459,70487,70549,70843,70853,71119,71153,71261,71363,71413,71551,71563,71593,71671,71707,71843,71879,71933,71947,71993,72043,72053,72169,72379,72431,72493,72533,72613,72647,72733,72859,72911,72923,72973,73127,73237,73277,73291,73303,73387,73433,73453,73483,73571,73597,73613,73771,74167,74311,74413,74419,74471,74573,74717,74797,74857,74861,74959,75181,75193,75277,75407,75619,75641,75743,75883,76003,76123,76147,76157,76213,76243,76249,76283,76303,76343,76421,76507,76543,76607,76631,76667,76831,76883,77069,77243,77261,77263,77279,77291,77351,77557,77723,77743,77813,77951,78139,78191,78277,78341,78517,78541,78607,78809,78823,78839,79043,79103,79187,79451,79613,79621,79757,79903,79943,79973,80263,80471,80557,80669,80701,80779,80783,80819,80917,80933,81013,81031,81223,81331,81647,81677,81869,81973,82373,82723,82759,82903,83023,83059,83101,83207,83221,83231,83423,83471,83701,84047,84059,84181,84391,84407,84463,84467,84523,84551,84629,84991,85109,85223,85243,85259,85303,85363,85411,85439,85531,85597,85607,85621,85751,85781,85847,85853,85909,85931,85991,86111,86143,86183,86291,86351,86413,86453,86531,86579,86813,86851,86861,86939,87119,87133,87323,87583,87613,87643,87671,87743,87751,87811,88093,88607,88799,88807,88811,89083,89123,89213,89431,89443,89501,89563,89759,89891,89917,90007,90059,90173,90371,90397,90511,90523,90547,90659,90911,91459,91711,91837,92077,92189,92269,92333,92381,92623,92779,92791,92893,93083,93131,93239,93479,93683,93827,93851,93911,93967,94397,94463,94747,94903,95111,95219,95239,95311,95339,95383,95531,95791,95869,96179,96263,96331,96443,96451,96643,96703,96763,96823,96851,96907,96911,97003,97007,97103,97327,97463,97547,97571,97687,97843,97859,97883,97943,98251,98327,98407,98867,98963,99103,99131,99259,99523,99719,99923,100267,100343,100363,100703,100787,100943,100999,101183,101203,101503,101663,102031,102203,102251,102503,102523,102547,102647,102763,103091,103291,103319,103591,103723,104107,104123,104183,104383,104743,104759,104779,104947,105071,105143,105331,105407,105563,105863,105943,106123,106219,106367,106703,106903,107903,108007,108079,108127,108343,108503,108751,108923,109279,109367,109943,110063,110527,110543,110711,110951,111103,111191,111263,112103,112327,112663,113023,113063,113083,113567,113623,113983,114343,114799,114967,115127,115343,115399,115823,115879,115903,116047,116959,117119,117239,118399,118831,119311,119503,119671,119759,120247,120503,120823,120863,121039,123311,123727,125791,125887,126047,128767
Grand Invert Primes: 65543,66449,66491,67181,67231,67433,67853,67927,68507,68597,68821,69239,69911,69941,70001,70663,70717,70823,71129,72091,72727,73529,74323,74759,75079,75133,75403,75577,75653,75787,75941,76103,77237,77267,78101,78347,78781,78853,79987,80317,80651,80789,81901,81931,82781,83243,83299,84163,84221,84811,85021,85091,86083,86837,87181,87523,89923,90403,91453,92003,92899,97283
Special Invert Primes: 
----------------------
Null Primes: 65539,65563,65579,65581,65587,65609,65633,65647,65699,65707,65713,65717,65719,65731,65777,65789,65837,65843,65851,65929,65981,66041,66083,66089,66103,66107,66109,66173,66179,66191,66293,66337,66343,66377,66383,66413,66431,66467,66499,66523,66541,66553,66569,66571,66617,66643,66653,66683,66697,66701,66749,66751,66763,66791,66809,66853,66877,66931,66949,66959,66973,67003,67049,67057,67061,67121,67129,67157,67187,67213,67289,67339,67343,67349,67391,67409,67427,67429,67447,67477,67493,67523,67531,67577,67579,67651,67699,67709,67741,67759,67763,67807,67819,67843,67883,67901,67933,67943,67957,67961,67993,68053,68071,68111,68113,68207,68213,68227,68279,68311,68329,68437,68443,68447,68473,68491,68521,68531,68539,68581,68639,68659,68683,68699,68711,68713,68729,68737,68743,68767,68813,68879,68903,68909,68963,68993,69019,69031,69073,69109,69119,69143,69151,69197,69221,69233,69247,69257,69259,69263,69313,69341,69379,69403,69427,69463,69473,69481,69493,69497,69539,69653,69661,69697,69737,69739,69761,69763,69767,69809,69829,69859,69877,69929,69931,69959,70009,70079,70111,70123,70139,70157,70181,70201,70237,70241,70309,70313,70327,70373,70423,70439,70489,70507,70573,70583,70619,70621,70627,70639,70729,70753,70769,70783,70793,70841,70867,70879,70913,70919,70937,70951,70979,70997,71023,71039,71059,71089,71147,71161,71171,71191,71233,71257,71287,71317,71327,71329,71341,71353,71399,71429,71443,71453,71471,71473,71479,71483,71503,71527,71549,71569,71663,71693,71713,71741,71807,71821,71861,71881,71917,71941,71971,71983,71987,71999,72019,72073,72077,72089,72101,72103,72109,72139,72211,72221,72223,72229,72253,72287,72313,72353,72383,72467,72497,72503,72547,72551,72617,72623,72643,72649,72661,72671,72673,72679,72689,72701,72707,72719,72739,72763,72767,72797,72823,72869,72883,72893,72949,72953,72959,72997,73009,73013,73019,73037,73039,73043,73121,73141,73243,73259,73309,73327,73331,73351,73363,73421,73459,73471,73477,73523,73561,73583,73589,73609,73643,73681,73693,73699,73709,73751,73757,73823,73849,73859,73877,73883,73897,73939,73943,73961,73973,74017,74021,74027,74071,74093,74101,74143,74161,74177,74189,74201,74203,74231,74279,74293,74297,74317,74353,74363,74381,74411,74453,74489,74507,74521,74531,74551,74561,74609,74623,74653,74707,74713,74731,74761,74771,74779,74827,74831,74869,74873,74923,74933,75011,75013,75041,75083,75109,75149,75209,75211,75217,75223,75227,75253,75307,75323,75329,75347,75353,75367,75377,75389,75479,75503,75511,75533,75539,75557,75583,75617,75659,75703,75707,75773,75781,75793,75821,75833,75853,75979,75983,75991,76079,76081,76091,76099,76159,76163,76231,76253,76333,76367,76369,76379,76403,76471,76481,76493,76537,76579,76603,76649,76651,76673,76697,76733,76771,76801,76819,76829,76847,76913,76943,76961,76963,77023,77029,77041,77047,77141,77153,77167,77171,77201,77269,77323,77339,77347,77359,77369,77377,77383,77419,77431,77447,77471,77491,77513,77527,77543,77563,77591,77611,77621,77647,77687,77713,77719,77731,77761,77783,77797,77839,77867,77893,77969,77983,78017,78049,78157,78163,78173,78193,78203,78229,78241,78283,78301,78317,78367,78427,78467,78487,78497,78509,78511,78553,78569,78583,78593,78623,78643,78653,78707,78737,78787,78791,78803,78889,78893,78901,78919,78979,79039,79063,79087,79133,79151,79153,79201,79229,79231,79241,79273,79309,79319,79333,79337,79379,79397,79423,79427,79433,79493,79531,79561,79589,79609,79631,79633,79669,79687,79691,79699,79777,79813,79829,79843,79873,79939,79967,79979,79997,79999,80039,80107,80111,80141,80149,80173,80207,80231,80233,80239,80251,80287,80341,80347,80363,80387,80429,80473,80489,80491,80513,80527,80537,80603,80611,80657,80687,80737,80761,80803,80809,80833,80849,80863,80909,80923,80953,80989,81023,81041,81043,81049,81071,81077,81083,81097,81101,81119,81131,81163,81173,81197,81199,81203,81233,81283,81343,81373,81401,81409,81421,81517,81527,81559,81563,81569,81619,81629,81637,81671,81689,81701,81769,81773,81817,81853,81883,81899,81943,81971,82013,82067,82139,82171,82183,82193,82217,82261,82301,82307,82351,82457,82471,82483,82487,82493,82499,82507,82549,82559,82561,82571,82591,82609,82613,82633,82657,82721,82727,82729,82757,82763,82787,82837,82883,82913,82939,82963,82997,83003,83063,83077,83089,83093,83203,83219,83233,83311,83339,83341,83357,83383,83389,83443,83579,83609,83617,83621,83639,83663,83719,83761,83773,83813,83843,83869,83873,83891,83903,83911,83939,83969,83983,84011,84017,84053,84061,84067,84121,84143,84199,84223,84229,84239,84299,84307,84313,84349,84389,84437,84443,84449,84457,84499,84509,84559,84653,84673,84697,84719,84793,84859,84869,84871,84961,85061,85103,85147,85193,85213,85247,85297,85313,85331,85369,85429,85447,85451,85453,85469,85549,85571,85601,85627,85667,85703,85793,85817,85819,85829,85903,86029,86069,86077,86201,86209,86239,86243,86311,86323,86353,86369,86381,86399,86423,86441,86467,86491,86509,86533,86573,86587,86729,86743,86753,86771,86869,86923,86927,86951,86959,86981,86993,87049,87083,87107,87121,87149,87179,87187,87223,87299,87313,87337,87359,87383,87403,87421,87427,87443,87491,87509,87539,87541,87547,87557,87629,87631,87697,87767,87793,87797,87833,87877,87887,87911,87917,87943,87961,87991,88001,88003,88007,88129,88177,88211,88237,88259,88289,88339,88379,88411,88427,88493,88513,88523,88589,88643,88651,88663,88721,88747,88789,88793,88801,88813,88819,88843,88883,88897,88903,88919,88951,88993,88997,89003,89017,89021,89051,89069,89071,89087,89107,89113,89119,89137,89153,89227,89237,89293,89303,89363,89413,89417,89449,89459,89477,89513,89521,89533,89561,89599,89603,89627,89653,89669,89689,89753,89767,89779,89783,89819,89899,89983,90011,90019,90023,90053,90127,90149,90163,90187,90199,90227,90239,90247,90263,90271,90281,90359,90379,90407,90437,90527,90529,90533,90583,90599,90647,90677,90697,90703,90731,90749,90793,90803,90823,90887,90931,90947,90971,90977,91009,91033,91127,91129,91163,91183,91193,91199,91243,91253,91283,91297,91309,91373,91387,91393,91411,91423,91433,91457,91463,91493,91499,91513,91631,91673,91753,91771,91813,91823,91841,91867,91873,91909,91921,91939,91951,91961,91967,91997,92041,92051,92083,92107,92111,92119,92143,92179,92219,92221,92237,92317,92347,92357,92363,92383,92387,92413,92419,92431,92467,92479,92503,92551,92567,92569,92647,92669,92671,92681,92707,92723,92753,92761,92849,92863,92867,92941,92987,92993,93077,93089,93103,93113,93241,93253,93263,93281,93283,93287,93307,93329,93383,93419,93427,93463,93481,93487,93491,93523,93553,93557,93563,93629,93703,93739,93763,93787,93871,93887,93889,93893,93913,93949,93971,93983,94007,94033,94099,94117,94151,94169,94207,94219,94273,94327,94331,94343,94351,94421,94541,94543,94559,94561,94573,94583,94603,94709,94723,94727,94781,94793,94841,94849,94873,94933,94961,94993,94999,95003,95021,95087,95101,95143,95153,95177,95191,95279,95369,95393,95413,95419,95429,95443,95479,95507,95569,95597,95629,95633,95731,95737,95747,95773,95783,95801,95803,95813,95857,95873,95891,95923,95929,95947,95957,95971,96001,96053,96167,96181,96211,96259,96281,96289,96293,96323,96377,96431,96461,96487,96493,96527,96553,96557,96581,96661,96667,96671,96739,96787,96827,96931,96953,96979,96989,97039,97073,97127,97151,97187,97301,97369,97373,97387,97429,97441,97511,97549,97553,97561,97583,97607,97613,97649,97651,97673,97789,97847,97861,97927,97931,97973,98017,98041,98057,98081,98123,98213,98257,98269,98299,98317,98321,98323,98347,98369,98389,98419,98459,98467,98473,98491,98519,98533,98639,98663,98669,98711,98713,98717,98801,98807,98849,98873,98887,98909,98927,98929,98953,98993,99017,99023,99041,99083,99181,99191,99223,99251,99277,99289,99347,99371,99391,99397,99409,99469,99487,99497,99529,99551,99559,99571,99643,99679,99689,99707,99709,99713,99721,99833,99881,99961,99971,99989,99991,100043,100103,100109,100153,100169,100183,100297,100357,100361,100379,100391,100393,100403,100417,100447,100483,100501,100517,100519,100547,100559,100613,100669,100693,100747,100799,100801,100811,100829,100847,100937,101009,101021,101051,101089,101107,101113,101117,101119,101149,101159,101173,101197,101209,101267,101273,101279,101293,101323,101359,101363,101383,101399,101429,101449,101467,101483,101489,101513,101531,101561,101573,101611,101627,101641,101681,101693,101723,101737,101747,101807,101863,101869,101879,101891,101917,101939,101977,102013,102019,102043,102059,102101,102103,102107,102139,102149,102191,102199,102217,102233,102241,102253,102337,102359,102367,102397,102433,102451,102539,102563,102643,102653,102673,102769,102793,102829,102841,102871,102877,102881,102911,102913,102953,103067,103087,103093,103099,103123,103141,103171,103183,103217,103307,103333,103349,103387,103391,103393,103423,103483,103573,103583,103643,103669,103699,103703,103801,103837,103913,103919,103963,103991,103993,103997,104003,104009,104047,104059,104113,104179,104243,104281,104323,104327,104369,104399,104417,104459,104473,104479,104491,104513,104527,104543,104549,104593,104623,104659,104681,104707,104711,104729,104761,104789,104803,104831,104879,104891,104911,104933,104953,104959,104971,105019,105023,105137,105167,105199,105253,105263,105319,105323,105361,105367,105373,105389,105397,105491,105499,105503,105517,105601,105613,105653,105667,105727,105733,105751,105871,105971,105997,106013,106033,106087,106121,106129,106163,106187,106213,106217,106243,106261,106273,106279,106297,106303,106307,106331,106363,106373,106427,106441,106543,106627,106637,106657,106661,106681,106693,106721,106727,106739,106753,106781,106783,106859,106861,106867,106871,106921,106961,106963,106979,107033,107057,107071,107077,107099,107101,107119,107137,107171,107183,107269,107273,107323,107351,107453,107467,107509,107563,107603,107609,107621,107647,107687,107693,107717,107773,107839,107843,107881,107897,107923,107971,107981,108013,108023,108037,108041,108107,108131,108161,108187,108193,108203,108217,108223,108233,108247,108263,108289,108301,108359,108377,108401,108457,108499,108517,108761,108793,108799,108803,108821,108863,108881,108943,108947,108949,108991,109001,109013,109037,109073,109103,109111,109121,109133,109139,109147,109159,109171,109199,109229,109253,109303,109379,109433,109441,109451,109469,109471,109481,109517,109519,109547,109579,109583,109589,109619,109621,109717,109721,109789,109793,109807,109819,109829,109831,109847,109849,109859,109883,109891,109913,109937,109961,109987,110017,110039,110059,110083,110119,110183,110221,110281,110291,110431,110459,110479,110503,110533,110557,110567,110569,110573,110587,110603,110623,110629,110647,110651,110681,110729,110731,110753,110813,110849,110863,110879,110899,110921,110923,110977,111029,111043,111109,111119,111127,111143,111149,111187,111211,111253,111271,111317,111323,111337,111427,111431,111439,111443,111493,111497,111577,111623,111667,111697,111721,111733,111767,111779,111791,111893,111953,112031,112061,112067,112069,112111,112121,112129,112139,112153,112163,112181,112213,112237,112247,112249,112331,112339,112349,112363,112403,112459,112543,112559,112573,112583,112589,112601,112643,112691,112741,112757,112759,112771,112843,112877,112901,112913,112939,112951,112979,113081,113093,113143,113147,113153,113167,113173,113189,113227,113287,113359,113371,113383,113417,113453,113497,113501,113557,113621,113647,113723,113749,113759,113777,113779,113783,113843,113899,113903,113933,113947,113969,114001,114013,114031,114073,114083,114113,114143,114161,114167,114193,114197,114203,114217,114299,114319,114407,114547,114553,114593,114617,114643,114659,114713,114743,114773,114797,114827,114883,114889,114973,115001,115019,115021,115067,115079,115117,115123,115153,115163,115183,115201,115279,115319,115331,115337,115421,115459,115469,115471,115499,115547,115597,115601,115603,115631,115657,115663,115693,115727,115733,115757,115763,115771,115781,115793,115807,115811,115873,115901,115933,116099,116113,116131,116141,116167,116191,116269,116293,116341,116381,116447,116471,116507,116539,116639,116663,116687,116689,116731,116789,116819,116827,116833,116849,116867,116903,116933,116989,117017,117037,117109,117133,117167,117191,117193,117353,117371,117373,117413,117431,117437,117511,117517,117539,117643,117673,117701,117703,117727,117757,117773,117787,117797,117809,117833,117839,117841,117851,117877,117881,117883,117899,117937,117973,117977,118051,118093,118147,118211,118213,118219,118249,118253,118259,118277,118343,118369,118387,118411,118457,118493,118543,118571,118589,118621,118661,118669,118673,118717,118739,118747,118751,118799,118801,118873,118891,118901,118907,118931,119027,119033,119083,119089,119101,119159,119173,119179,119233,119237,119243,119293,119299,119363,119429,119489,119513,119551,119633,119653,119657,119723,119747,119773,119809,119839,119849,119869,119881,119923,119953,119971,119981,120041,120077,120079,120091,120103,120157,120193,120199,120277,120299,120371,120397,120427,120431,120511,120539,120563,120587,120647,120713,120721,120749,120829,120833,120907,120917,120937,120943,121007,121013,121063,121123,121157,121181,121267,121309,121321,121333,121343,121349,121357,121379,121403,121421,121453,121487,121547,121553,121577,121621,121661,121697,121727,121763,121843,121867,121937,121949,121963,121993,122039,122051,122053,122117,122131,122149,122173,122201,122203,122207,122209,122267,122273,122279,122299,122347,122363,122393,122401,122443,122471,122489,122497,122501,122503,122527,122533,122599,122611,122653,122719,122743,122827,122869,122891,122939,122953,123007,123017,123059,123083,123113,123127,123169,123203,123209,123217,123259,123269,123323,123341,123397,123401,123407,123457,123479,123493,123499,123503,123551,123583,123601,123637,123653,123731,123757,123787,123803,123821,123829,123863,123887,123911,123923,123931,123953,124087,124121,124133,124153,124171,124193,124213,124247,124249,124277,124291,124309,124351,124367,124429,124433,124477,124493,124513,124541,124543,124601,124669,124673,124703,124739,124769,124781,124783,124853,124919,124979,125017,125029,125063,125093,125107,125119,125141,125183,125201,125243,125287,125311,125329,125383,125387,125407,125423,125429,125497,125507,125669,125683,125753,125777,125789,125803,125897,125927,126013,126031,126041,126067,126097,126143,126173,126199,126211,126307,126317,126323,126349,126397,126421,126433,126461,126473,126481,126517,126583,126601,126631,126683,126691,126733,126739,126743,126823,126851,126857,126859,126923,126961,126967,126989,127037,127079,127123,127133,127163,127217,127241,127247,127249,127261,127289,127297,127321,127343,127399,127403,127423,127453,127493,127529,127591,127601,127637,127649,127657,127663,127679,127739,127747,127763,127781,127819,127843,127849,127913,127973,128047,128053,128099,128113,128153,128189,128201,128239,128273,128287,128311,128321,128339,128341,128393,128411,128449,128473,128477,128483,128489,128519,128563,128599,128603,128659,128663,128747,128749,128761,128833,128861,128923,128939,128951,128971,128981,128983,128987,128993,129011,129023,129083,129089,129113,129121,129193,129223,129263,129277,129281,129287,129293,129313,129341,129379,129401,129499,129509,129527,129533,129539,129553,129581,129589,129593,129629,129643,129671,129707,129733,129737,129769,129803,129841,129901,129917,129919,129937,129959,130043,130051,130087,130121,130171,130199,130201,130223,130241,130253,130259,130267,130349,130367,130399,130409,130411,130423,130469,130483,130489,130517,130523,130531,130553,130619,130621,130631,130633,130639,130643,130699,130787,130807,130811,130829,130873,130927,130969,131011,131023,131041,131059,131063